-0.133810 -0.024636 1.063566
-0.129729 -0.024251 1.029405
-0.127440 -0.033788 1.022369
-0.131285 -0.030564 1.020936
-0.129268 -0.029487 1.012120
-0.689548 0.083964 3.701192
-0.785965 0.135015 4.794905
-0.783462 0.135655 4.802001
-1.219992 0.129155 5.871947
-0.874011 0.206951 6.895280
-0.860096 0.207509 6.960331
-0.468563 0.522467 10.293773
3.752980 0.415627 8.880170
3.759666 0.417696 8.888355
3.756634 0.433845 8.884755
3.754211 0.431182 8.881344
3.756184 0.429448 8.885302
3.748597 0.436128 8.891174
3.754338 0.429445 8.883914
3.755331 0.435854 8.881639
3.751984 0.415873 8.880156
3.755352 0.435619 8.881267
3.754781 0.415330 8.879528
3.752588 0.417385 8.881672
3.764208 0.424949 8.878244
3.757171 0.424680 8.878405
3.761965 0.431715 8.877243
3.741704 0.434404 8.897339
2.415674 0.774451 10.816965
3.680019 0.450040 8.943113
3.765410 0.422906 8.870116
3.797142 0.475285 8.941133
3.754918 0.424704 8.883188
3.795749 0.477768 8.943469
3.796170 0.477770 8.943461
3.754474 0.433268 8.881844
3.757152 0.432862 8.885695
3.796539 0.476474 8.941467
3.756919 0.433829 8.884535
3.757591 0.418928 8.887628
3.797043 0.478084 8.946140
3.755030 0.433433 8.881257
3.758815 0.430887 8.881914
3.754529 0.433076 8.880312
3.795972 0.476427 8.944376
3.796782 0.474979 8.944146
3.757846 0.432167 8.885307
3.758128 0.433659 8.886554
3.755598 0.436096 8.880864
3.828654 0.409995 8.812127
3.754740 0.425874 8.880830
3.757024 0.432193 8.885882
3.754337 0.425539 8.886791
3.796541 0.475249 8.941362
3.757387 0.419040 8.887807
3.755805 0.429344 8.885020
3.756353 0.435903 8.882785
3.754776 0.427304 8.884894
3.755976 0.427232 8.885443
3.795735 0.478152 8.943351
3.755341 0.428708 8.883238
3.757067 0.426395 8.881604
3.756979 0.433711 8.884338
3.756744 0.423748 8.881219
3.801868 0.481125 8.941676
3.763222 0.432812 8.874331
3.816693 0.405061 8.835127
3.758033 0.430033 8.875705
3.756207 0.426746 8.883566
3.756843 0.426796 8.885437
3.754849 0.433302 8.882061
3.754019 0.431553 8.881621
3.754285 0.431431 8.881247
3.754887 0.426929 8.884287
3.756079 0.429257 8.884925
3.756399 0.435948 8.883299
3.763192 0.428569 8.867777
3.783558 0.423288 8.850265
3.794333 0.478098 8.943644
3.756632 0.433482 8.881031
3.759006 0.433290 8.881733
3.757885 0.431086 8.881977
3.797439 0.478155 8.942524
3.755760 0.427198 8.877585
3.751397 0.429878 8.879746
3.754492 0.423114 8.882128
3.799242 0.481147 8.943255
3.800497 0.480871 8.943582
3.750339 0.430216 8.884750
4.027953 0.450977 8.810163
4.024901 0.444938 8.809223
4.019234 0.444529 8.805882
4.078533 0.442830 8.785027
4.025923 0.446787 8.801172
4.022292 0.446954 8.802730
4.025507 0.448937 8.803979
4.022824 0.448474 8.800940
3.966742 0.448141 8.822705
3.756852 0.431744 8.887619
3.754825 0.427541 8.884638
3.756606 0.433896 8.884881
3.756684 0.433827 8.884871
3.754844 0.434238 8.881518
3.796560 0.477488 8.945069
3.756844 0.431526 8.884978
3.754859 0.429971 8.883167
3.755470 0.435742 8.881974
3.798869 0.474899 8.947450
3.798016 0.478123 8.945961
3.754969 0.434026 8.881936
3.754026 0.428846 8.883045
3.757126 0.431471 8.884686
3.754745 0.429772 8.883887
3.754142 0.428837 8.882942
3.796962 0.475072 8.944206
3.754609 0.430266 8.883420
3.757173 0.429110 8.881795
3.749828 0.418653 8.885897
3.758749 0.431917 8.884399
3.757544 0.432445 8.885352
3.755168 0.433202 8.882858
3.756275 0.431965 8.885696
3.760224 0.417127 8.886750
3.755148 0.428604 8.879962
3.754543 0.425655 8.886635
3.753633 0.428821 8.883601
3.756273 0.431932 8.885601
3.754101 0.431702 8.881389
3.796317 0.477502 8.945104
3.796668 0.478036 8.945896
3.769850 0.426853 8.864532
3.754422 0.416847 8.880611
4.029644 0.448705 8.793308
3.756717 0.433102 8.886073
3.755717 0.435627 8.881459
3.755771 0.429418 8.885157
4.043905 0.449146 8.786342
4.023754 0.450214 8.801330
4.023571 0.448077 8.809025
4.023970 0.448494 8.809010
4.025198 0.445974 8.808505
4.026217 0.445971 8.808228
4.026427 0.372759 8.487766
4.022131 0.446293 8.808293
4.025530 0.449217 8.804788
4.022348 0.448395 8.809662
4.022722 0.446218 8.808292
4.026887 0.449197 8.803876
